59 3098 189 38
1 56 2
48 53 1
23 27 1
57 6 1
49 56 2
54 10 2
28 19 1
42 41 1
57 24 1
36 3 2
17 33 1
44 38 2
5 14 1
30 40 2
7 52 1
16 2 1
32 17 2
8 58 2
32 7 2
51 43 2
58 56 2
52 25 1
26 51 2
25 2 1
14 19 1
54 46 1
18 51 2
58 43 2
2 23 1
41 3 2
23 35 2
55 32 2
57 4 2
20 13 2
3 31 2
46 3 2
44 9 2
55 51 2
19 49 2
16 46 2
32 1 1
25 37 2
59 16 1
42 24 1
59 9 2
2 55 2
35 54 1
44 19 1
57 22 2
40 46 2
56 37 2
6 2 2
1 22 2
8 51 2
47 21 2
10 40 2
46 36 2
10 51 2
3 44 2
47 29 1
18 21 1
33 55 2
8 3 2
11 25 2
37 59 1
21 48 2
50 47 1
15 50 1
17 1 1
27 9 2
42 7 2
49 35 1
13 10 1
9 49 2
10 33 1
7 11 2
43 14 2
28 16 1
42 50 2
58 29 2
11 50 1
43 3 2
7 25 1
30 1 1
52 7 2
40 12 2
7 33 1
2 32 1
11 4 1
37 51 1
49 50 1
13 9 2
37 4 1
3 1 2
33 8 1
52 36 2
23 25 2
34 45 1
46 11 2
19 51 1
16 22 1
18 2 2
30 23 1
44 7 1
16 19 2
12 33 2
47 52 1
29 59 1
32 16 2
12 47 1
38 26 1
10 56 2
16 53 2
59 1 2
41 39 2
37 2 1
56 45 1
40 13 1
21 46 1
53 56 1
17 3 2
20 31 2
28 3 2
58 51 2
36 23 1
30 11 2
40 16 1
47 31 2
38 7 2
35 20 1
6 27 2
39 38 2
43 59 1
32 2 1
5 22 2
42 54 2
50 38 1
21 28 2
51 10 2
9 4 2
20 53 2
25 18 1
37 32 1
14 37 1
10 36 2
22 34 2
15 2 1
14 43 1
52 42 1
39 43 1
40 19 1
28 13 2
40 55 2
45 15 2
56 1 2
44 39 2
19 22 1
5 35 2
30 16 2
55 6 2
29 57 1
37 36 1
38 57 1
54 24 1
8 8 2
25 28 1
36 18 1
52 11 1
27 23 2
29 28 1
48 24 2
40 29 2
50 59 1
42 59 2
42 18 2
11 57 2
22 9 2
22 15 2
44 46 2
16 36 2
43 38 1
1 34 1
30 44 2
52 44 2
32 39 2
13 39 1
29 17 1
3 47 1
46 37 2
55 9 1
39 28 1
4 8 2
11 41 1
51 32 2
40 40 1
20 37 1
37 17 1
14 57 2
55 15 1
17 45 2
14 38 1
57 43 1
27 46 1
2 25 1
25 50 2
38 3 1
19 39 2
35 32 2
58 12 2
54 1 2
50 18 1
10 59 1
40 57 1
43 42 1
51 53 2
27 13 1
8 31 2
26 26 2
59 51 2
33 45 1
53 29 2
51 13 1
22 23 1
50 16 1
52 54 2
35 10 1
53 5 1
57 30 1
40 54 2
9 28 1
10 19 1
16 52 2
43 29 1
23 6 1
32 14 2
56 47 1
33 33 2
32 21 2
19 18 2
28 26 2
19 40 1
40 6 1
10 22 1
53 23 1
38 24 1
2 41 1
14 32 1
31 30 2
17 23 1
1 10 2
26 9 1
33 40 2
27 51 2
6 49 1
39 26 1
58 47 2
25 52 2
48 28 2
38 17 1
10 54 2
55 14 1
21 38 1
59 8 1
24 43 2
28 17 1
55 37 1
16 30 2
5 34 1
39 21 1
20 43 1
47 58 1
46 35 2
6 17 1
30 18 2
36 22 1
41 51 2
53 18 2
13 4 1
41 52 1
22 40 1
51 50 2
11 5 1
31 23 1
34 12 1
57 39 2
46 29 2
42 20 2
43 21 1
47 47 2
38 31 1
15 30 1
26 24 2
2 7 1
45 34 2
38 1 1
42 4 1
51 54 2
23 49 2
43 41 2
25 12 1
2 10 1
9 6 1
46 46 2
5 58 1
11 8 1
37 23 1
33 21 2
31 28 1
59 52 2
20 9 2
11 59 2
24 35 1
51 25 1
47 53 2
5 3 1
23 17 2
31 35 2
39 58 2
13 44 1
56 23 2
39 27 1
45 20 2
50 48 2
44 47 2
8 15 1
8 47 1
4 47 1
38 55 2
40 49 1
43 23 2
21 1 1
1 30 2
36 12 1
58 57 1
28 49 2
12 17 1
37 50 1
12 50 1
53 40 1
11 34 2
40 8 2
59 14 1
26 19 1
18 10 1
12 11 2
53 13 2
57 54 1
56 9 1
25 46 1
1 21 1
11 14 2
57 40 1
28 6 2
25 24 1
2 47 2
42 33 1
26 6 2
6 32 2
10 11 2
27 37 1
51 12 2
36 57 2
27 11 2
26 33 1
58 6 2
39 6 2
28 56 2
55 52 2
26 15 2
50 41 2
11 56 1
12 27 2
19 27 1
49 20 2
3 26 1
54 4 2
27 54 2
58 2 2
59 25 2
42 57 2
45 24 1
35 43 2
39 46 1
18 36 1
35 9 2
10 49 2
26 28 2
44 5 2
47 2 1
5 24 2
16 27 1
28 53 2
48 18 1
19 1 1
32 41 2
14 13 2
5 39 1
43 4 1
41 20 2
31 25 2
39 29 1
8 17 2
3 54 2
7 18 1
34 2 2
41 33 2
9 26 2
36 7 1
31 49 2
16 59 2
40 53 2
14 33 2
42 37 1
25 53 2
57 21 2
48 30 2
5 4 2
47 32 1
15 55 2
2 1 2
42 26 2
19 32 2
16 3 1
55 48 2
19 23 1
29 8 2
1 35 1
2 35 2
59 22 1
13 7 2
7 16 1
56 26 2
2 38 1
44 25 1
1 53 2
41 37 2
44 34 2
24 54 1
54 48 2
45 42 2
42 2 2
47 54 2
13 2 2
28 35 2
43 2 2
39 32 2
1 43 1
18 16 2
19 43 1
17 48 2
55 34 1
30 55 2
56 46 1
57 49 1
14 29 2
36 55 2
13 50 2
51 34 1
56 22 1
29 43 1
59 18 1
22 22 2
35 51 1
35 49 2
31 18 1
17 55 2
52 2 2
55 53 2
59 10 2
4 10 2
24 42 2
8 14 1
47 43 1
53 11 2
25 26 2
50 13 1
9 43 2
58 38 2
3 35 1
59 47 1
50 37 1
36 32 1
34 46 1
13 22 1
27 36 1
22 57 1
7 17 1
26 5 2
29 49 1
54 11 1
32 28 1
4 48 1
29 22 2
8 54 1
57 50 1
6 40 2
26 38 1
28 22 1
37 27 2
1 17 1
44 3 1
15 49 1
3 24 1
36 38 2
18 38 2
1 9 1
32 15 2
38 13 1
55 40 1
19 45 2
8 19 2
36 48 2
58 27 1
34 44 2
13 18 1
14 18 1
23 39 1
51 55 1
4 45 1
12 26 1
43 43 2
34 35 1
55 5 1
41 47 1
12 48 2
27 58 1
12 37 1
1 46 2
17 56 2
9 31 2
53 47 1
30 37 1
2 49 1
21 55 1
39 23 1
44 4 2
2 16 2
53 28 1
22 21 1
45 40 1
56 40 1
48 7 2
23 42 2
1 26 2
33 29 1
22 43 1
11 11 1
52 51 2
55 59 1
2 56 2
40 42 1
8 21 1
57 8 2
47 10 2
51 1 1
39 42 2
37 13 2
9 36 2
24 55 2
29 40 2
20 24 2
21 54 1
25 11 1
13 12 1
47 4 1
54 22 2
11 38 1
19 42 2
53 24 2
50 55 1
31 12 2
14 25 1
25 51 1
3 28 2
23 40 2
46 32 2
49 33 2
40 22 1
43 33 2
22 54 1
10 52 2
19 41 2
19 48 1
52 48 1
29 25 2
52 9 1
13 36 2
15 37 2
2 6 2
12 58 1
41 23 2
55 10 2
14 58 2
46 45 1
3 23 2
30 50 1
5 54 2
10 1 2
35 24 1
49 43 1
15 42 2
29 19 2
21 15 2
26 20 1
49 15 2
48 22 2
46 2 1
41 49 2
44 55 2
39 47 1
57 16 2
45 47 2
3 5 2
56 34 1
29 33 1
58 49 2
20 6 1
41 29 1
2 28 1
31 40 1
35 16 1
47 6 1
14 7 2
35 52 1
23 21 1
38 8 2
43 30 2
22 5 1
1 39 2
54 41 2
25 6 2
3 50 1
51 11 2
46 23 1
36 27 1
48 52 2
47 59 1
17 22 2
47 41 1
36 24 2
30 15 1
35 50 2
25 7 2
7 46 1
55 25 1
12 19 2
32 29 1
46 12 2
36 59 2
32 53 2
47 40 1
31 48 2
12 57 2
1 18 2
35 1 2
14 17 2
34 37 2
49 26 2
56 30 2
43 27 1
49 11 2
24 56 2
5 46 1
7 45 1
45 11 1
49 45 1
6 10 2
57 27 1
48 17 2
34 11 2
46 31 1
11 30 2
13 26 1
56 53 2
46 49 2
36 17 1
17 59 2
3 20 2
44 24 2
59 49 2
34 49 2
28 24 2
41 46 1
25 41 1
37 40 1
15 1 2
29 42 2
33 44 2
9 54 1
16 31 2
7 3 2
4 40 1
18 53 2
8 26 1
35 45 1
25 43 2
30 12 2
20 14 1
53 48 1
51 9 2
38 51 1
35 53 2
11 36 2
1 27 2
38 11 2
4 6 2
58 45 2
33 30 2
31 44 1
13 17 2
56 49 2
33 26 1
49 21 1
37 15 1
39 17 2
29 50 2
8 55 1
30 14 1
6 3 2
9 48 2
25 16 1
46 59 1
28 36 2
55 28 2
2 46 1
53 31 2
28 57 1
15 3 1
54 44 1
18 12 1
18 59 1
50 4 2
58 5 1
56 48 2
50 30 2
9 3 2
48 34 2
21 22 1
28 54 1
25 25 2
11 45 1
49 51 1
29 51 1
35 11 2
37 56 2
28 20 2
28 43 1
6 4 1
10 42 1
37 48 2
48 16 1
35 42 1
51 47 1
3 11 1
1 25 1
19 50 1
27 1 2
34 30 2
56 55 1
40 1 2
46 57 1
30 56 1
56 36 1
22 19 2
2 30 2
25 47 1
44 26 2
33 32 1
33 53 1
22 12 1
42 51 1
20 36 2
17 53 1
51 35 1
21 25 1
49 34 1
4 37 1
45 7 2
9 15 1
3 52 2
40 3 2
36 29 2
23 32 2
8 53 1
17 37 2
41 32 2
41 16 2
6 37 1
11 20 2
17 20 1
16 26 1
36 36 2
48 36 1
2 4 2
13 19 1
16 45 2
34 10 1
21 17 1
15 17 2
29 35 2
6 20 1
44 21 1
2 9 2
4 18 2
28 5 2
8 30 2
33 38 2
42 46 2
10 21 2
34 38 1
23 54 2
51 16 2
17 51 1
40 34 2
3 19 2
38 9 1
45 18 2
26 36 2
32 35 1
45 29 2
31 45 2
24 8 2
9 46 1
58 22 1
21 18 2
39 11 2
46 27 1
9 42 1
57 9 2
8 22 2
29 4 2
37 22 1
9 35 1
51 17 2
9 44 2
59 11 1
6 11 2
44 16 2
56 33 1
3 27 2
10 17 1
9 32 1
8 27 1
51 3 2
26 46 1
7 15 1
33 23 1
37 44 1
10 35 2
13 21 1
44 12 2
23 12 2
31 36 2
47 49 1
38 19 1
59 17 2
46 43 1
13 23 2
12 40 1
46 50 1
24 2 1
25 19 2
40 47 2
19 29 1
45 48 2
50 35 1
22 46 1
37 52 1
48 56 2
36 33 2
4 35 2
19 6 2
17 5 1
27 50 1
28 23 1
40 30 2
37 11 2
24 37 1
45 4 2
43 12 1
23 9 2
27 32 1
57 36 1
18 29 2
27 55 2
28 52 2
9 17 2
16 23 2
4 29 2
52 18 2
53 3 1
53 15 2
43 49 2
55 13 1
46 8 2
43 8 2
52 28 1
21 47 1
23 52 2
42 40 1
58 19 2
53 21 2
5 44 1
13 11 1
45 55 1
44 11 2
21 23 1
17 52 2
33 39 2
50 39 2
4 13 1
35 5 2
54 19 1
44 10 1
28 28 1
25 22 1
30 46 2
45 2 2
28 29 1
7 48 1
9 47 2
36 19 2
51 7 1
19 35 1
28 2 1
30 9 1
41 41 1
49 55 2
13 38 1
11 19 2
3 22 2
19 38 2
55 50 1
36 53 1
26 54 2
53 36 2
54 36 1
55 54 1
22 8 1
59 53 2
7 58 2
24 59 1
8 52 2
48 4 1
6 57 1
5 37 1
57 47 2
46 17 1
44 33 2
42 42 2
7 55 1
59 48 1
27 6 2
17 47 2
39 5 1
20 58 1
22 41 1
19 34 2
21 43 1
5 50 1
34 28 2
5 7 2
48 23 2
10 13 2
41 38 1
23 58 1
19 30 2
3 4 2
25 29 2
6 45 2
44 37 1
31 24 1
24 31 2
13 15 1
44 35 2
6 38 1
41 11 2
45 36 1
25 32 1
21 50 1
48 48 2
50 50 1
15 19 1
33 41 2
59 4 2
54 34 1
35 48 1
24 49 2
12 15 1
33 35 2
29 30 1
15 12 1
9 5 2
10 29 2
37 14 1
11 13 2
25 9 1
37 47 2
46 51 2
1 14 1
18 57 1
58 20 2
2 11 2
30 20 2
33 51 1
18 7 2
54 51 1
32 43 2
33 46 1
46 39 2
59 40 1
44 40 1
52 31 1
52 45 2
8 45 1
58 28 2
52 1 2
26 39 2
45 14 1
55 24 2
18 39 2
10 20 2
9 37 2
57 13 2
59 46 2
24 1 2
50 52 1
23 47 2
33 18 2
52 43 2
49 28 1
1 52 1
50 10 1
15 13 2
44 32 2
49 27 1
31 2 1
46 52 2
57 51 2
27 22 2
1 45 2
14 34 1
35 13 2
23 43 2
3 33 1
45 46 1
39 30 1
42 36 1
11 40 2
30 5 2
6 50 2
49 6 1
57 2 2
12 39 1
20 30 2
50 15 1
45 16 2
26 31 2
35 29 1
20 49 1
5 9 1
57 59 2
35 2 2
36 4 1
46 7 1
47 11 1
21 41 2
59 2 2
52 53 1
18 9 1
9 11 1
4 15 1
36 2 1
30 27 2
11 55 2
6 24 1
24 44 1
15 16 1
44 44 1
39 57 2
56 18 2
12 35 2
59 12 2
42 38 1
41 53 2
32 12 2
33 19 1
19 5 1
11 22 1
10 53 1
11 54 2
47 25 2
24 45 2
21 35 2
38 32 1
22 50 2
30 28 1
9 27 1
26 55 2
51 19 2
49 54 1
59 37 2
29 27 2
7 5 1
32 56 1
24 28 2
11 16 2
51 14 1
26 59 2
36 37 1
38 44 2
51 33 2
14 5 2
11 26 2
44 41 2
3 51 2
42 27 1
16 17 1
50 40 1
37 19 2
33 43 2
1 23 1
7 51 1
7 6 2
52 3 1
25 3 2
35 19 2
42 45 1
41 44 1
14 45 2
23 24 2
39 51 1
57 38 2
52 12 1
11 21 1
39 15 1
42 55 1
2 54 1
37 54 2
45 26 2
14 49 2
7 36 1
57 7 2
49 16 2
11 23 1
41 18 2
5 28 2
17 41 2
23 36 2
52 47 1
25 33 1
6 15 1
12 13 1
15 5 2
46 1 2
41 25 1
19 28 2
27 3 1
17 19 2
33 37 1
35 3 1
6 43 1
15 34 1
32 13 2
46 53 2
49 48 1
55 21 1
32 3 2
44 57 1
44 56 2
53 49 1
14 52 1
35 7 1
57 55 2
2 57 1
4 19 2
52 40 2
18 19 1
2 20 1
16 21 1
8 7 1
48 41 1
24 17 2
4 38 2
31 53 1
5 42 1
48 26 2
31 11 1
8 25 1
41 5 1
42 3 2
16 44 1
26 1 1
2 52 2
29 20 2
2 3 2
29 3 1
53 7 1
42 25 2
6 42 1
54 5 2
58 7 2
44 20 1
4 32 2
4 36 1
38 50 1
13 6 1
36 40 1
41 50 2
50 57 1
47 14 2
23 5 2
3 43 1
47 33 1
27 5 2
48 10 2
30 10 1
5 13 1
55 55 2
8 29 2
53 14 2
14 44 1
28 38 2
22 2 1
45 59 1
2 59 2
26 50 2
23 10 2
8 57 2
51 8 2
17 30 2
36 25 1
9 20 1
53 45 2
23 37 1
3 46 2
56 52 2
16 43 2
20 32 2
35 17 1
10 3 2
24 12 1
35 47 2
34 26 2
49 57 1
51 56 1
45 37 2
14 55 2
6 28 2
13 25 2
50 11 2
2 50 2
46 13 1
40 2 1
24 51 1
43 19 1
17 40 1
42 58 2
16 18 1
45 13 2
59 55 2
13 28 2
53 52 2
11 49 2
39 44 2
54 12 1
36 8 1
4 39 1
39 41 2
41 58 2
25 15 1
49 30 1
12 6 2
43 15 1
15 31 1
10 50 2
30 59 1
46 15 2
41 19 2
28 10 1
58 31 1
53 37 2
51 36 1
53 30 1
56 12 2
26 52 1
52 27 1
54 17 1
40 33 1
4 2 1
24 39 2
12 23 2
57 5 1
32 22 2
59 42 2
21 45 1
38 23 1
6 1 2
7 24 2
6 9 2
40 5 2
11 52 1
1 7 1
57 56 2
18 49 2
18 24 1
11 53 2
23 38 2
28 4 2
26 16 2
46 38 2
46 40 2
3 34 1
36 13 1
2 15 1
18 46 2
2 42 2
5 53 2
36 42 2
1 24 2
57 19 1
24 47 1
32 32 1
15 57 1
47 48 2
5 17 1
40 52 2
29 18 1
3 29 2
43 13 1
32 20 2
42 21 1
17 35 2
13 56 2
15 29 2
41 43 1
31 33 1
11 27 1
38 41 2
12 38 1
23 41 1
7 53 1
24 26 1
45 27 1
38 29 1
13 16 1
58 48 1
42 49 2
51 26 1
33 42 2
16 5 1
42 14 2
36 43 1
49 7 2
42 6 1
25 31 1
5 25 1
25 55 1
58 44 1
55 3 2
39 34 2
36 20 2
10 46 2
28 51 2
37 12 1
31 34 1
53 54 1
25 10 2
55 47 2
9 10 2
19 10 1
34 34 1
48 37 1
14 50 2
39 36 2
3 12 1
13 35 1
1 40 1
37 49 2
25 58 2
37 57 1
33 24 1
47 23 1
55 45 2
31 50 1
45 17 2
33 7 2
18 6 1
15 47 1
3 42 2
1 42 1
58 23 2
43 6 2
23 15 2
25 42 1
17 43 1
17 14 1
25 40 1
36 6 2
38 47 1
36 14 2
30 49 1
28 31 1
23 11 1
5 19 1
18 33 2
3 37 1
44 30 2
31 20 2
40 27 2
57 33 1
23 53 2
24 6 1
25 34 1
45 54 1
10 16 2
30 54 1
40 15 2
12 4 1
19 26 1
34 8 2
32 58 1
40 25 1
2 17 2
24 24 2
36 51 1
33 16 2
34 5 1
56 11 2
6 53 1
21 3 2
53 9 2
51 49 1
15 8 2
17 15 2
11 35 1
21 27 1
6 46 1
53 34 2
16 50 2
7 29 1
53 27 1
56 4 1
49 42 1
18 27 2
29 53 1
43 28 1
3 32 1
6 41 1
12 36 2
58 59 1
5 30 2
41 54 2
21 53 1
30 26 1
41 59 1
40 39 1
13 48 1
29 46 2
31 22 1
13 54 1
9 34 1
38 33 2
34 25 1
41 15 2
27 45 2
35 22 1
15 43 1
50 27 2
27 7 1
57 41 2
56 5 1
10 15 2
12 1 1
56 8 2
57 57 2
19 20 2
48 49 2
25 38 1
12 32 1
34 50 1
28 48 1
13 13 2
33 57 2
29 45 1
59 41 2
20 28 1
4 4 2
45 43 2
29 48 1
30 52 2
8 16 1
41 6 2
26 29 1
17 26 2
43 47 2
1 12 1
50 42 1
36 31 2
45 23 2
58 34 2
15 20 2
31 21 2
31 29 2
58 46 1
51 30 2
21 7 2
22 24 2
36 15 2
53 6 1
58 1 2
47 8 1
58 50 1
34 32 1
49 49 1
16 8 2
30 51 1
31 37 2
34 29 2
22 13 1
50 7 2
38 18 2
23 51 1
26 8 2
18 25 1
17 25 1
10 30 2
30 33 2
27 56 1
40 35 2
12 22 2
15 28 1
5 45 1
15 26 2
38 52 2
1 50 2
40 56 2
54 35 1
54 45 1
38 21 1
54 27 1
41 28 2
46 54 1
4 33 2
35 57 2
31 47 2
43 44 2
23 20 1
35 34 2
9 53 1
34 56 2
53 2 1
58 54 2
59 26 2
38 28 2
52 52 2
26 10 1
15 45 2
20 26 1
36 52 1
14 54 1
6 26 1
32 49 1
52 16 1
48 33 1
19 25 1
33 20 1
22 16 1
30 43 2
31 54 1
38 30 1
54 15 2
33 2 2
16 34 2
27 28 1
13 52 2
42 10 2
15 39 2
31 15 1
47 22 2
56 7 1
26 7 2
16 14 2
38 45 2
15 46 1
17 4 1
52 57 1
1 11 1
4 14 2
43 18 1
23 22 2
6 56 1
18 30 1
3 6 1
56 58 1
29 26 2
26 2 1
20 50 1
13 20 2
16 32 2
42 16 1
53 16 2
9 51 2
14 51 1
52 5 1
1 57 2
35 55 1
6 31 2
5 41 1
11 7 2
2 2 1
32 9 2
7 30 1
16 11 2
34 27 2
19 15 1
1 32 2
29 11 2
2 53 2
46 5 1
17 13 2
48 11 2
38 15 2
11 15 2
24 52 2
40 44 1
57 53 2
54 32 2
21 6 1
49 32 1
43 10 1
18 17 2
55 58 1
45 3 2
48 40 1
4 5 2
24 18 2
37 20 1
10 41 1
26 48 2
24 20 2
3 13 2
35 15 2
8 36 1
34 36 2
19 17 1
34 3 1
58 42 2
23 23 1
21 14 2
11 28 2
29 21 2
39 22 2
12 41 2
2 51 2
15 48 1
18 47 1
2 40 2
11 51 2
39 2 2
8 40 2
59 45 2
33 6 2
21 40 1
7 4 2
46 47 1
32 8 2
59 56 1
59 38 1
42 44 2
11 29 2
1 55 1
48 6 1
43 54 2
1 44 2
22 31 2
3 14 1
35 28 1
42 5 1
53 1 2
43 58 2
44 48 1
39 49 2
38 37 2
21 33 2
51 27 2
31 46 1
13 5 2
2 37 2
54 59 2
52 30 1
1 28 1
32 37 2
38 58 2
9 1 2
34 57 2
52 38 1
50 6 2
50 33 1
22 32 2
31 26 2
55 4 1
24 58 2
47 26 2
32 11 1
24 36 2
22 20 1
18 32 2
6 48 2
41 27 1
42 19 2
11 24 1
15 4 1
50 5 2
27 19 1
45 32 1
1 33 2
47 44 1
29 15 1
32 45 2
26 25 2
37 28 1
20 16 1
5 36 2
58 32 2
10 48 2
30 6 1
4 34 2
43 9 2
40 23 2
27 14 1
10 32 2
2 12 2
46 10 2
55 7 1
48 32 1
17 54 2
47 3 1
45 5 2
22 7 2
57 45 2
33 36 2
51 23 1
7 47 1
30 38 1
47 55 1
57 48 1
47 1 2
14 20 1
37 46 2
28 34 2
20 56 2
47 27 1
11 33 1
40 48 2
10 27 1
7 32 2
35 12 1
12 43 1
10 24 2
56 39 2
17 42 1
35 33 2
4 3 1
19 19 2
13 43 1
36 26 1
13 41 2
52 21 1
53 46 2
31 52 1
14 28 2
53 26 1
56 13 2
38 56 2
30 39 2
40 41 2
5 27 1
50 12 2
18 3 1
45 31 1
51 57 1
9 22 2
30 7 1
45 9 1
51 40 1
19 7 2
15 21 2
9 2 1
6 36 1
14 41 2
40 21 2
15 41 2
48 5 1
6 30 2
33 28 2
41 14 2
34 43 1
54 13 2
50 34 1
25 49 2
59 15 1
39 39 1
32 24 1
13 57 1
58 18 1
52 56 1
49 47 2
52 39 1
29 10 2
48 1 1
7 23 2
16 47 1
42 52 1
36 50 2
4 9 1
29 31 2
17 32 1
46 42 2
53 20 1
41 4 2
26 42 2
24 41 2
45 45 2
23 34 1
55 18 2
39 35 1
57 46 2
41 35 2
9 16 1
30 19 1
48 43 1
19 13 2
14 40 2
51 20 2
59 5 2
37 3 2
58 53 2
54 53 1
10 18 2
48 29 1
58 15 1
50 54 1
49 18 2
50 14 2
5 32 2
59 36 1
29 9 1
41 26 2
39 1 1
49 4 2
4 58 1
3 45 2
7 9 2
12 59 1
3 53 1
46 48 2
37 33 1
10 4 2
6 35 2
22 35 2
43 45 1
15 10 2
3 9 2
5 10 1
16 6 1
31 42 2
2 27 2
39 56 2
39 45 2
4 59 1
6 6 2
42 28 2
31 38 1
32 47 1
2 5 2
28 42 1
27 48 2
12 12 1
13 45 1
53 43 1
37 42 2
45 8 1
44 18 2
56 54 2
14 21 2
8 49 1
9 25 2
48 19 2
39 48 1
49 25 2
41 2 1
8 43 2
6 23 1
50 21 2
8 5 1
16 55 1
23 16 2
34 23 1
52 35 2
44 27 2
12 55 1
37 43 1
10 44 2
20 17 1
57 1 2
18 5 2
1 16 1
56 41 1
9 41 1
43 7 2
14 22 2
21 26 2
28 15 2
34 51 1
20 5 2
22 3 1
8 37 1
16 58 1
1 48 1
12 20 1
37 8 2
20 27 2
22 33 2
12 3 1
13 53 2
10 2 2
26 17 2
44 43 2
48 3 2
48 14 1
6 22 2
26 41 1
20 42 1
13 34 2
34 20 2
32 30 2
55 42 2
3 57 1
56 19 2
13 46 1
22 55 2
29 39 2
59 30 1
59 3 1
33 12 2
7 35 2
55 38 2
46 56 2
24 10 1
23 4 2
58 13 1
54 33 2
24 16 2
37 37 2
38 27 1
7 28 1
58 24 2
12 44 1
19 11 1
52 26 2
11 47 2
35 38 1
4 54 1
29 1 1
43 31 2
30 4 1
14 31 2
1 49 1
42 29 1
25 27 1
14 15 2
47 45 1
35 58 2
23 8 2
4 42 2
50 23 1
44 49 1
19 53 1
54 43 2
10 14 2
40 45 1
36 39 1
12 21 2
13 37 1
34 4 2
18 40 2
40 18 2
4 50 2
50 26 1
9 55 2
39 20 1
53 22 1
7 40 1
22 51 2
5 40 1
58 16 2
34 22 2
52 50 2
29 16 1
57 10 2
54 57 2
44 36 2
19 36 2
42 53 2
42 12 2
27 42 2
26 47 2
21 16 1
20 48 1
32 26 1
48 54 2
21 34 1
31 17 1
50 44 2
27 47 1
28 47 2
45 30 2
33 54 2
58 35 2
18 45 2
16 33 2
56 25 2
27 4 2
34 33 2
15 9 1
32 51 1
11 48 1
21 13 2
57 25 1
29 2 2
51 45 2
5 20 2
23 48 2
1 5 2
45 22 2
36 11 2
24 7 1
10 58 2
15 53 2
56 27 2
46 41 1
14 30 1
41 55 2
7 54 1
25 4 2
43 57 2
41 10 1
47 30 2
16 25 2
31 57 1
49 39 1
51 21 2
33 1 2
1 51 2
18 4 1
54 31 1
26 4 2
32 44 2
34 24 1
48 12 1
7 13 2
12 51 2
51 28 1
55 27 2
10 55 1
47 50 1
50 56 1
21 10 1
13 14 1
1 2 2
47 19 2
26 49 1
23 19 2
15 23 1
9 24 1
34 47 2
44 42 1
15 52 2
49 3 2
23 31 1
26 43 2
53 8 1
31 41 1
14 16 2
32 36 2
7 39 1
30 57 1
39 8 1
16 37 2
20 44 1
6 5 2
56 3 2
37 21 2
52 37 1
32 59 1
40 17 2
22 45 2
40 51 2
54 3 1
30 13 1
17 16 2
35 27 2
38 54 1
52 14 2
39 16 2
56 56 1
47 46 2
9 8 2
4 49 2
23 14 1
37 6 2
55 43 1
17 21 1
19 57 1
36 16 2
17 34 2
34 59 2
9 39 1
40 26 1
10 38 2
45 28 2
46 16 1
3 56 1
23 29 1
34 21 1
33 13 1
25 45 2
49 38 2
26 56 1
41 13 2
29 36 2
32 50 2
32 18 1
9 30 2
29 44 1
8 34 2
14 8 2
48 46 2
51 6 2
24 5 1
12 34 1
30 58 1
52 4 2
13 1 1
20 12 1
42 23 1
2 31 2
28 11 1
58 11 1
48 55 2
59 20 2
37 30 1
32 4 2
7 34 2
8 35 2
26 13 2
10 9 2
14 9 2
58 4 1
20 33 1
3 25 2
38 43 1
40 58 1
33 34 2
51 2 2
13 33 2
24 21 1
34 53 2
33 50 1
46 6 2
41 48 2
15 14 1
18 20 1
58 30 2
18 52 2
18 44 2
43 5 1
21 20 2
41 42 2
35 26 1
36 35 2
39 7 2
52 49 1
30 48 1
29 56 2
32 40 2
38 35 1
12 52 2
13 30 1
14 27 1
6 19 1
44 54 1
3 48 1
37 39 2
33 31 1
56 21 1
44 28 1
5 47 1
34 1 1
17 24 1
21 51 1
41 7 1
56 10 1
49 23 2
15 15 2
57 52 2
45 57 2
36 5 1
53 12 1
55 57 2
48 44 1
6 52 2
40 11 2
44 8 2
2 26 2
27 39 1
27 24 2
27 52 2
17 2 2
14 23 2
29 58 2
13 31 2
34 18 2
16 1 1
54 20 2
9 45 1
40 10 2
50 2 2
30 32 1
50 1 1
24 48 1
52 59 2
26 22 1
59 29 1
51 59 2
33 22 2
47 37 1
34 14 2
4 41 1
44 52 1
34 48 1
15 35 1
33 59 1
3 39 2
21 59 2
38 46 2
30 29 1
8 39 2
34 54 2
28 21 2
2 36 2
43 34 2
29 47 1
17 58 1
32 48 2
7 26 1
58 8 2
22 28 1
43 48 1
10 25 1
2 22 2
57 20 2
55 35 2
49 2 1
49 44 2
37 24 1
35 18 2
27 10 1
51 22 2
33 9 2
10 8 2
52 41 1
31 1 1
54 56 1
24 15 1
46 22 2
52 34 1
15 44 1
55 1 2
15 7 1
21 11 1
21 42 1
16 13 1
9 12 1
44 45 2
57 34 1
30 17 2
11 39 2
28 14 2
7 8 2
7 56 2
48 42 2
39 50 2
1 4 2
51 38 2
30 22 2
18 54 1
22 59 1
58 58 1
48 21 2
45 49 1
13 55 1
50 36 2
2 21 2
30 3 2
39 31 2
17 29 2
13 29 1
26 18 1
12 7 2
10 7 1
4 26 2
57 18 2
25 44 2
21 58 2
6 51 1
51 4 1
55 20 2
29 37 2
22 10 1
22 37 1
5 12 2
42 32 2
2 43 1
12 10 1
38 36 1
34 31 2
59 58 1
56 20 1
41 30 2
55 8 1
16 56 2
17 12 2
43 53 1
54 14 1
19 56 1
10 37 1
16 15 2
42 48 1
7 20 1
31 19 2
6 54 2
7 7 2
33 17 1
7 27 1
49 13 1
15 59 1
30 45 2
42 22 1
22 26 1
43 51 2
22 11 1
1 41 1
35 8 1
27 17 1
12 8 2
42 35 1
11 37 2
12 31 2
3 16 1
22 25 2
19 33 1
24 32 1
16 4 1
23 13 2
32 6 1
4 20 1
33 5 2
55 26 2
23 57 1
52 32 2
17 57 1
14 1 2
49 46 2
31 8 1
55 19 2
55 33 2
7 49 1
34 17 2
8 44 2
53 19 1
58 52 1
3 58 1
53 55 2
18 31 1
2 58 1
21 8 2
17 50 2
16 28 1
19 2 2
7 41 1
4 43 1
24 33 1
37 26 2
5 18 2
55 31 1
52 33 1
47 5 1
4 22 1
51 41 1
50 29 1
27 12 1
23 33 1
59 23 2
4 27 2
55 17 2
14 48 2
32 38 2
49 17 1
6 21 2
33 47 1
55 2 2
47 56 1
34 16 1
29 24 2
18 8 2
17 36 1
40 32 1
24 22 2
33 14 1
28 39 1
28 50 2
34 58 1
56 43 2
29 54 2
27 26 1
5 29 2
16 41 2
49 41 1
47 20 1
52 23 2
13 59 2
27 18 1
39 33 1
20 7 2
50 45 1
49 8 1
1 13 2
21 30 1
4 28 2
49 29 1
6 59 2
25 48 2
45 51 1
8 2 2
39 3 1
7 31 1
34 19 1
30 25 1
52 8 1
28 1 2
57 28 2
38 39 1
11 12 2
8 20 1
35 59 2
9 52 2
28 12 2
2 29 2
20 51 2
25 1 1
56 29 1
28 45 1
17 8 2
2 39 1
3 2 2
23 7 1
53 33 2
7 19 1
1 38 2
53 42 2
55 11 1
51 48 1
57 37 1
44 23 2
48 25 2
57 35 2
46 4 2
47 42 2
43 11 1
24 46 2
7 1 2
28 44 1
45 25 1
19 54 1
51 44 1
5 59 2
25 5 2
23 3 1
19 8 1
49 36 2
24 53 2
18 35 2
43 1 2
58 26 2
18 15 1
53 57 2
46 24 2
9 59 2
21 19 2
42 56 2
37 41 2
8 32 2
42 8 2
15 32 1
56 17 2
35 14 2
4 7 2
54 28 2
22 49 2
28 18 1
54 25 2
8 33 1
7 22 1
17 38 1
30 8 2
24 29 2
31 27 2
15 40 2
54 42 2
8 4 2
3 21 1
51 18 2
54 21 2
57 26 2
41 22 1
18 41 2
14 6 2
24 3 2
48 57 2
44 14 2
53 53 2
45 1 2
11 31 2
15 56 2
12 56 1
28 7 1
53 38 2
44 1 1
57 15 1
20 1 2
7 21 2
7 50 1
19 24 2
46 34 2
22 58 2
14 3 1
15 33 2
47 13 2
3 40 2
11 32 2
36 45 2
26 37 1
28 33 2
34 40 1
57 58 2
16 24 2
39 13 2
32 27 2
51 46 1
41 17 2
40 4 1
57 44 2
50 3 1
19 9 1
53 51 2
35 37 1
57 29 2
26 53 2
58 36 2
58 25 1
8 10 2
9 38 1
16 20 1
47 12 1
27 8 1
5 11 1
24 27 2
12 2 1
22 53 2
29 14 2
39 10 1
27 38 2
28 55 2
35 56 1
32 54 1
20 57 1
23 1 2
10 26 2
49 53 2
21 9 2
44 29 1
23 59 2
45 19 2
9 33 1
14 12 2
52 58 2
20 29 1
4 21 1
5 23 1
58 37 2
13 24 1
18 11 2
8 48 1
4 16 1
36 46 2
26 21 1
4 52 1
50 46 1
47 36 1
33 10 1
35 35 1
22 36 2
25 14 1
45 53 2
3 55 1
42 9 1
42 39 2
20 35 2
52 22 1
31 10 2
55 46 1
19 52 1
3 59 1
56 2 1
27 30 1
48 8 2
41 24 1
1 36 1
17 17 2
5 49 2
9 21 1
27 49 1
15 54 2
7 42 1
13 49 2
20 19 1
24 38 1
29 23 1
14 26 2
24 40 1
36 56 1
47 7 1
24 9 2
26 14 1
5 31 1
44 50 1
9 9 2
45 52 1
12 5 1
16 12 1
58 3 1
11 10 2
27 57 2
57 12 2
4 56 2
41 45 2
5 38 2
31 6 2
48 9 2
6 25 1
42 34 2
12 16 2
38 59 1
44 22 2
39 9 2
32 33 2
36 54 2
35 36 1
30 47 1
29 13 2
27 16 2
59 39 2
41 34 1
28 37 2
10 47 2
38 10 1
53 25 2
46 26 2
44 17 1
48 59 1
43 26 2
38 6 1
43 37 1
7 14 1
30 36 2
53 10 1
14 46 1
45 6 2
45 10 1
47 28 2
21 44 2
6 47 2
55 12 1
59 44 1
26 58 1
27 29 1
21 29 2
45 33 1
32 23 1
14 24 1
53 50 1
2 44 1
53 58 1
30 53 2
32 34 2
10 31 2
29 38 1
39 37 1
12 9 1
20 15 2
54 54 1
24 34 2
51 51 1
54 18 2
18 50 1
6 12 2
50 25 2
49 19 1
39 40 1
38 5 2
23 50 2
6 33 2
49 58 2
18 1 1
24 30 1
29 5 1
4 53 1
12 29 1
8 28 2
40 43 2
35 30 2
14 2 1
47 34 1
54 7 2
45 35 1
51 31 2
26 40 2
19 4 1
26 3 1
9 50 1
20 8 1
58 14 2
31 14 2
22 17 1
59 54 1
48 45 1
11 43 2
22 14 1
52 20 2
32 5 1
7 10 2
53 17 2
5 55 2
54 16 2
27 31 2
27 21 1
45 38 1
12 18 1
3 30 2
47 51 2
4 55 1
27 25 1
39 4 1
41 8 1
16 39 2
50 58 2
16 9 2
35 31 1
23 26 1
30 21 2
35 46 2
40 7 2
16 40 2
25 39 2
42 43 1
32 52 1
34 6 1
21 2 1
57 3 2
37 53 1
21 4 2
26 57 1
37 35 2
9 13 2
55 41 2
17 49 1
48 51 2
16 10 2
5 52 1
29 32 1
41 21 2
26 30 1
50 53 1
59 50 1
21 24 2
35 21 1
51 52 2
49 1 1
4 30 1
54 6 1
44 15 1
43 24 2
29 7 2
56 35 2
20 34 1
23 30 1
39 14 2
54 38 2
46 30 1
36 28 1
34 13 1
4 31 1
24 57 2
36 10 1
2 8 2
2 13 1
57 32 1
15 58 2
37 16 1
18 23 1
11 3 2
38 2 1
38 12 2
33 56 1
18 58 2
9 14 2
56 28 1
1 3 1
23 56 1
20 41 1
11 46 2
17 39 2
32 57 1
27 41 2
37 55 1
43 39 2
54 58 2
55 30 1
22 48 2
56 6 1
1 15 2
50 20 1
19 58 2
51 39 2
9 19 1
27 53 2
59 19 1
33 15 1
22 42 2
47 15 1
6 13 1
5 26 2
6 39 2
55 36 2
8 50 1
3 10 2
52 6 2
28 27 2
12 14 2
47 57 1
5 56 2
34 41 1
5 57 2
56 16 1
51 5 2
2 19 1
37 10 2
28 41 1
42 1 2
26 45 1
26 23 2
2 18 1
59 6 1
49 14 2
17 28 2
30 31 1
44 58 2
39 52 2
6 7 1
31 39 2
45 44 1
12 46 1
31 31 2
59 13 1
6 44 2
26 11 2
53 59 1
23 55 2
29 41 1
44 51 2
46 14 1
14 11 2
48 47 2
37 29 1
2 48 1
19 3 2
39 59 2
20 39 2
32 55 2
28 25 2
16 35 1
18 18 1
38 48 2
8 56 2
5 33 1
25 57 1
52 24 2
45 58 2
21 57 1
15 25 2
6 55 2
38 42 1
24 14 1
59 33 1
47 16 2
18 56 1
34 9 2
49 40 1
18 28 2
14 59 2
11 9 2
8 12 2
28 46 2
57 31 2
6 29 2
12 25 2
22 56 1
20 38 1
25 36 2
24 4 1
40 24 1
50 49 1
49 59 2
33 58 1
48 15 1
1 6 2
30 42 1
1 54 1
46 19 1
50 8 1
35 41 2
12 30 2
41 9 1
27 15 2
37 31 1
52 29 2
1 58 2
50 31 1
59 32 2
7 44 2
33 3 2
43 16 1
56 14 1
41 56 1
29 55 1
15 51 1
56 32 1
48 2 1
30 34 1
13 8 1
35 25 2
47 17 2
2 34 1
27 20 2
56 42 2
32 31 2
18 43 2
31 3 1
55 44 2
29 29 2
31 58 2
47 39 2
8 6 1
46 58 2
36 44 1
7 37 1
21 52 2
37 9 2
3 38 2
52 55 2
18 55 2
49 37 1
50 28 2
21 37 2
38 40 1
49 5 1
7 57 1
29 12 1
17 7 2
31 43 2
32 25 1
1 19 1
9 58 2
28 9 2
14 56 1
8 13 1
18 22 1
46 44 2
12 24 2
12 54 1
55 22 2
9 40 2
57 14 1
9 18 2
24 13 2
6 58 1
35 44 2
12 53 1
15 18 2
7 2 1
59 27 1
37 45 1
33 49 1
46 21 2
25 17 1
28 32 1
25 21 2
13 27 1
20 22 1
10 6 1
56 24 2
16 42 2
53 44 2
43 32 1
31 9 2
6 34 1
5 1 1
8 18 1
51 15 1
58 39 2
37 7 2
59 21 2
37 5 1
31 55 1
18 48 2
53 35 2
14 10 2
58 41 2
15 24 1
26 32 2
25 35 2
10 12 1
52 17 1
36 34 2
9 7 1
40 31 1
58 55 1
14 39 2
17 6 2
7 38 2
3 49 1
11 42 2
39 54 1
36 1 1
3 17 1
19 31 1
59 28 1
58 9 2
18 37 1
7 12 2
48 13 1
44 31 2
5 8 1
31 59 2
19 37 1
34 7 1
27 44 2
20 10 1
4 57 2
10 10 2
15 11 1
53 32 2
52 46 2
37 25 1
52 10 1
16 16 1
36 58 1
37 18 2
16 51 2
13 32 2
20 46 1
40 9 2
59 7 2
19 14 2
4 17 1
35 39 2
18 13 1
22 44 1
54 52 1
31 7 2
20 47 2
42 17 1
6 8 2
12 28 2
32 46 2
10 34 1
59 35
19 33
50 58
21 7
58 56
43 34
57 13
31 32
57 41
25 4
56 55
25 10
1 10
2 46
25 28
44 38
17 54
14 46
41 46
29 24
34 45
8 1
33 15
37 10
34 4
53 31
36 4
30 52
11 53
26 27
46 49
16 52
46 32
55 1
32 15
24 24
54 8
47 57
20 16
33 1
55 23
37 55
15 55
25 25
32 54
50 35
56 48
28 10
3 40
19 55
11 58
38 29
40 4
46 14
29 7
23 3
14 27
38 8
26 20
4 56
36 54
4 21
13 11
41 47
26 19
15 13
17 9
57 20
57 55
20 46
42 22
32 24
38 18
59 37
56 30
2 33
1 49
33 35
32 22
13 49
39 3
25 26
16 30
59 54
38 40
9 31
12 58
43 18
33 57
54 13
48 56
43 54
21 9
20 22
38 17
4 2
40 9
48 2
24 51
49 54
20 31
30 22
37 53
5 11
22 29
9 15
43 13
13 31
32 36
22 46
12 46
16 22
11 49
19 12
28 9
54 6
45 53
21 49
29 54
53 16
26 39
39 40
8 19
50 28
8 2
25 15
9 21
21 43
48 6
6 26
7 38
20 32
48 5
41 55
16 48
7 31
13 26
28 32
12 36
23 59
18 8
31 50
50 9
45 18
56 31
21 40
45 54
42 8
1 51
5 55
18 23
45 34
34 27
7 55
10 2
40 42
36 17
13 53
50 57
33 52
23 1
49 3
5 38
45 50
37 15
15 12
4 41
18 54
40 48
20 6
12 14
26 51
47 47
57 26
18 51
39 45
18 30
42 36
11 39
45 27
11 15
17 24
45 35
1 22
22 40
43 33
7 53
58 7
44 55
